---------------------------------------------------------------
|           Key            |      Value      |      Ratio     |
---------------------------------------------------------------
|       background         |      69763      |     35.48     %|
---------------------------------------------------------------
|          lemon           |       556       |      0.28     %|
---------------------------------------------------------------
|         orange           |       15        |      0.01     %|
---------------------------------------------------------------
|      chicken duck        |      1441       |      0.73     %|
---------------------------------------------------------------
|          bread           |        1        |      0.00     %|
---------------------------------------------------------------
|          corn            |      72216      |     36.73     %|
---------------------------------------------------------------
|          rice            |      2269       |      1.15     %|
---------------------------------------------------------------
|         potato           |      2026       |      1.03     %|
---------------------------------------------------------------
|         lettuce          |        3        |      0.00     %|
---------------------------------------------------------------
|        cucumber          |      3254       |      1.66     %|
---------------------------------------------------------------
|         carrot           |      29128      |     14.82     %|
---------------------------------------------------------------
|        broccoli          |      15936      |      8.11     %|
---------------------------------------------------------------
classes_nums: [0.0, 0.0, 0.0, 0.0, 0.0, 0.0, 0.0, 0.0, 0.0, 0.0, 0.0, 0.0, 0.0, 0.0, 0.0, 0.0, 0.0, 0.0, 0.0, 0.0, 0.0, 0.0, 0.0, 0.0, 0.0, 0.0, 0.0, 0.0, 0.0, 0.0, 0.0, 0.0, 0.0, 0.0, 0.0, 0.0, 0.0, 0.0, 0.0, 0.0, 0.0, 0.0, 0.0, 0.0, 0.0, 0.0, 0.0, 0.0, 0.0, 0.0, 0.0, 0.0, 0.0, 0.0, 0.0, 0.0, 0.0, 0.0, 0.0, 0.0, 0.0, 0.0, 0.0, 0.0, 0.0, 0.0, 0.0, 0.0, 0.0, 0.0, 0.0, 0.0, 0.0, 0.0, 0.0, 0.0, 0.0, 0.0, 0.0, 0.0, 0.0, 0.0, 0.0, 0.0, 0.0, 0.0, 0.0, 0.0, 0.0, 0.0, 0.0, 0.0, 0.0, 0.0, 0.0, 0.0, 0.0, 0.0, 0.0, 0.0, 0.0, 0.0, 0.0, 0.0]
